clus RA decl z RA_BCG dec_BCG z_BCG sigma rtwo
     A0151     17.10920    -15.40920      0.05327	 17.2126	-15.4068	0.054434      771.        1.67   
     A3158     55.77040    -53.65310      0.05947	 55.7207	-53.6312	0.057786      948.        1.94   
     A3266     67.77460    -61.44360      0.05915	 67.8056	-61.4533	0.059860     1095.        2.31   
     A3376     90.15290    -40.03260      0.04652	 90.1713	-40.0445	0.046337      756.        1.65   
     A3391     96.58590    -53.69330      0.05140	 96.5853	-53.6932	0.055148     1157.        2.50   
     A3395     96.88000    -54.43740      0.05103	 96.9012	-54.4494	0.048654     1272.        2.76   
     A3667    303.09170    -56.81520      0.05528	303.1139	-56.8268	0.055644     1031.        2.22   
     A3716    312.86000    -52.70700      0.04599	313.0016	-52.7549	0.045990      753.        1.72
     A2399    329.372605   -7.796920	  0.05800	329.3726	 -7.7957	0.057899      690.	  1.59
     A0119    14.067150	   -1.255370	  0.04420	 14.0672	 -1.2554	0.044200      840.	  2.04
     A0085    10.460211	   -9.303184	  0.05490	 10.4603	 -9.3031	0.055431     1002.	  2.42